1.000000000000000056e-01
7.205834242337857409e-01
7.185005937975510459e-01
7.881685760686517606e-01
7.704402611428216030e-01
6.815548901940400306e-01
9.745463737241557567e-01
9.481426619611094120e-01
7.002315074320824007e-01
-5.604328367170274827e-01
-5.916446294726664945e-01
-8.668223419636995608e-01
-2.892700650341057389e-01
-6.510817419773988757e-01
-1.042545213407215288e+00
5.410625532119720527e-01
2.244351206789905462e-01
9.189412752321340916e-01
7.837138222759283401e-01
7.134989970424682193e-01
7.293745902145105653e-01
4.642927982957046895e-01
8.606795074603692530e-01
9.422600404367937887e-01
-7.383967034851111055e-01
-7.421491068319144846e-01
-4.613203512936827067e-01
-2.482137929112515906e-01
1.003150451050757869e-01
6.368669306346533832e-01
8.030200924379701233e-01
4.510242816147540523e-01
7.830661632864278632e-01
1.026099141068189002e+00
5.274427808399217987e-01
5.255746358135416907e-01
4.634296081093901565e-01
3.485183919216722215e-01
7.379280313179610307e-01
6.847081710004111477e-01
6.911810509189849627e-01
-3.260656441048968013e-01
-9.669645997393711001e-02
8.485506984549737730e-01
5.145069804955265669e-01
-4.983389912513588871e-01
-1.241390855926383319e+00
-1.154493700702414083e+00
-9.028790234705680318e-01
-1.228487497482136481e+00
2.780502217230789164e-01
1.145710990370651494e+00
1.125717249739636605e+00
9.752885455572888329e-01
7.483998989688068759e-01
8.902095544444367237e-01
1.058209894562609943e+00
6.675938650321596723e-01
7.333362055259599055e-01
1.616257745203385721e+00
5.029279602947394068e-01
2.335207097888547245e-01
9.745165102408843705e-01
4.879632543439461900e-02
-6.993444814556269984e-01
-3.165427302708578861e-01
-1.503765643541891572e+00
-6.628603222770168557e-01
-8.504736690831968815e-01
-6.213103219769730012e-01
-9.228050878822322556e-01
-3.672482956147673505e-01
-1.062245644687672907e+00
-8.359995794078003417e-01
-5.596106305159030958e-01
-4.200621810418769808e-01
-9.887010103579483289e-01
-8.945674589484333694e-01
5.564625135903630282e-01
3.075728582466698557e-01
5.425681321519106870e-01
9.996706848230683118e-01
4.215472652660660069e-01
2.871619711647547257e-01
-3.417948234271033225e-01
-4.036829614420993639e-01
-1.304370782284272501e+00
-9.307811256658842236e-01
-1.027468133080478685e+00
-8.282978686319256711e-01
-8.088367192499391622e-01
-6.639824519923290813e-01
-8.179206140240530276e-01
-4.437304032973741208e-01
-6.958573307305939704e-01
-7.558342856897682926e-01
-8.548256399858124022e-01
-7.015623969067135146e-01
-1.120039341391881882e+00
-6.693227416845891620e-01
